1
2
5
6
7
10
11
13
14
15
16
18
21
22
23
25
26
28
38
42
43
44
49
56
57
58
59
60
62
63
64
65
70
72
75
76
77
81
82
83
84
85
87
90
91
92
94
95
99
100
101
104
106
109
110
115
116
117
119
121
125
128
130
135
141
144
145
151
158
159
160
161
167
168
174
177
178
181
184
186
188
189
190
193
194
195
197
198
200
201
206
207
210
213
214
215
216
217
221
222
223
224
227
230
232
233
234
235
236
239
243
244
246
249
250
251
253
254
255
256
262
263
264
267
268
269
270
271
276
277
279
280
286
290
291
292
293
294
295
296
297
298
299
301
303
305
307
308
311
312
313
314
315
316
318
320
321
323
325
326
327
328
329
330
331
332
334
336
338
339
342
343
344
345
346
347
354
360
361
363
365
370
373
374
378
379
380
381
385
387
389
391
392
393
394
396
397
398
399
401
405
406
407
409
416
417
422
423
425
426
429
430
435
436
437
442
445
447
449
450
451
452
453
454
455
456
457
458
459
460
463
465
466
468
470
472
474
476
478
479
480
483
484
486
487
488
489
490
493
495
496
497
498
499
500
501
503
504
505
506
508
514
518
521
523
524
525
526
527
532
533
534
535
536
537
538
540
541
542
543
545
548
551
553
554
559
560
561
562
566
567
568
569
573
577
579
582
585
586
587
588
591
592
593
595
600
601
605
606
608
610
615
617
618
619
620
621
622
624
625
627
629
630
632
633
634
637
638
639
640
642
643
645
647
648
650
653
654
655
658
659
660
661
663
664
665
666
669
671
676
679
682
683
684
690
693
694
697
698
699
704
705
707
708
709
710
711
712
715
716
717
719
721
724
727
731
733
734
735
738
741
745
746
747
748
749
751
752
756
757
758
761
763
764
766
768
773
774
776
778
782
786
787
788
790
793
795
796
798
802
804
805
806
807
815
823
825
826
828
829
830
831
833
835
838
839
840
843
844
846
847
848
851
854
860
862
863
864
865
868
870
871
872
875
877
878
880
881
882
883
885
886
887
889
890
892
893
894
896
897
899
901
903
907
908
910
911
913
916
918
919
921
922
923
924
927
930
931
932
933
934
936
938
940
943
